Values:  R1 = 1.03979919241 
R2 = 2.07348604745 
R3 = 3.03922290863 
R4 = 4.02471521851 
R5 = 3.10131083327 
R6 = 2.05714481184 
R7 = 1.00418069758 
Va = 5.21434780409 
Id = 1.04967525215 
Kb = 7.12406804899 
Kc = 8.07016964594 
